time,longitude,latitude,pressure_hPa,geopotential height_m,temperature_C,dew point temperature_C,ice point temperature_C,relative humidity_%,humidity wrt ice_%,mixing ratio_g/kg,wind direction_degree,wind speed_m/s
2026-09-22 23:15:01, -6.3394,54.5006,1021.9,   19, 14.1, 13.6, 13.6, 97, 97, 9.63,  7, 3.6
2026-09-22 23:15:21, -6.3395,54.4999,1005.9,  152, 12.9, 12.8, 12.8, 99, 99, 9.28,  1, 4.0
2026-09-22 23:15:39, -6.3393,54.4991, 994.0,  252, 13.0, 12.6, 12.6, 97, 97, 9.24,342, 4.2
2026-09-22 23:15:59, -6.3388,54.4986, 982.2,  352, 13.1, 12.7, 12.7, 98, 98, 9.45,313, 3.3
2026-09-22 23:16:19, -6.3375,54.4983, 970.3,  455, 12.7, 11.9, 11.9, 95, 95, 9.04,283, 5.2
2026-09-22 23:16:39, -6.3356,54.4982, 959.6,  548, 12.3, 11.3, 11.3, 94, 94, 8.81,274, 6.7
2026-09-22 23:16:59, -6.3331,54.4981, 949.4,  638, 11.7, 11.0, 11.0, 96, 96, 8.70,273, 7.7
2026-09-22 23:17:19, -6.3311,54.4981, 939.3,  727, 11.0, 10.7, 10.7, 98, 98, 8.61,278, 6.6
2026-09-22 23:17:39, -6.3293,54.4980, 929.7,  813, 10.6, 10.2, 10.2, 97, 97, 8.44,264, 5.7
2026-09-22 23:17:57, -6.3276,54.4982, 920.8,  894, 10.8,  9.8,  9.8, 94, 94, 8.29,242, 6.3
2026-09-22 23:18:17, -6.3263,54.4990, 909.7,  995, 10.6,  9.5,  9.5, 93, 93, 8.21,223, 5.9
2026-09-22 23:18:35, -6.3251,54.4998, 899.0, 1093,  9.9,  9.0,  9.0, 95, 95, 8.05,219, 7.2
2026-09-22 23:18:55, -6.3237,54.5011, 888.1, 1195,  9.8,  8.1,  8.1, 89, 89, 7.66,214, 8.6
2026-09-22 23:19:15, -6.3223,54.5024, 878.0, 1290,  9.4,  7.3,  7.3, 86, 86, 7.30,207, 8.8
2026-09-22 23:19:35, -6.3211,54.5039, 867.6, 1389,  8.9,  6.3,  6.3, 83, 83, 6.90,204, 9.5
2026-09-22 23:19:55, -6.3198,54.5054, 857.1, 1490,  8.1,  5.6,  5.6, 84, 84, 6.64,207, 8.9
2026-09-22 23:20:13, -6.3189,54.5067, 847.3, 1584,  7.5,  4.9,  4.9, 83, 83, 6.40,204, 8.7
2026-09-22 23:20:33, -6.3177,54.5081, 837.0, 1686,  6.6,  4.6,  4.6, 87, 87, 6.38,206, 8.3
2026-09-22 23:20:53, -6.3167,54.5093, 826.7, 1788,  5.9,  5.1,  5.1, 94, 94, 6.67,204, 8.1
2026-09-22 23:21:13, -6.3158,54.5107, 816.7, 1886,  5.3,  4.8,  4.8, 97, 97, 6.62,203, 7.6
2026-09-22 23:21:33, -6.3146,54.5118, 805.8, 1997,  4.7,  4.6,  4.6, 99, 99, 6.60,215, 7.4
2026-09-22 23:21:51, -6.3135,54.5127, 797.2, 2084,  4.2,  4.0,  4.0, 99, 99, 6.42,222, 7.2
2026-09-22 23:22:11, -6.3118,54.5135, 787.6, 2183,  3.9,  3.3,  3.3, 96, 96, 6.18,232, 7.1
2026-09-22 23:22:31, -6.3097,54.5144, 777.8, 2285,  3.4,  2.8,  2.8, 96, 96, 6.05,234, 8.5
2026-09-22 23:22:51, -6.3077,54.5152, 768.9, 2378,  3.9, -0.6, -0.6, 72, 72, 4.75,239,10.0
2026-09-22 23:23:11, -6.3041,54.5164, 759.1, 2483,  4.3, -1.7, -1.5, 65, 65, 4.44,233,14.3
2026-09-22 23:23:31, -6.3006,54.5181, 750.8, 2572,  4.0, -2.9, -2.6, 61, 61, 4.12,232,14.4
2026-09-22 23:23:51, -6.2972,54.5197, 741.8, 2670,  3.1, -3.1, -2.8, 64, 64, 4.09,231,14.6
2026-09-22 23:24:11, -6.2935,54.5214, 733.9, 2757,  2.3, -3.7, -3.3, 64, 64, 3.96,232,15.5
2026-09-22 23:24:31, -6.2895,54.5232, 724.5, 2861,  1.4, -4.6, -4.1, 64, 64, 3.75,232,16.8
2026-09-22 23:24:51, -6.2854,54.5250, 715.2, 2965,  0.4, -4.8, -4.2, 68, 68, 3.76,233,16.1
2026-09-22 23:25:11, -6.2817,54.5267, 705.5, 3074, -0.6, -4.8, -4.3, 73, 74, 3.78,231,15.6
2026-09-22 23:25:29, -6.2785,54.5284, 698.0, 3159, -1.4, -6.4, -5.7, 69, 70, 3.39,226,15.6
2026-09-22 23:25:49, -6.2752,54.5305, 689.5, 3256, -2.4, -6.9, -6.1, 71, 73, 3.32,222,16.4
2026-09-22 23:26:09, -6.2717,54.5327, 682.3, 3340, -3.2, -6.9, -6.1, 76, 78, 3.34,221,16.1
2026-09-22 23:26:29, -6.2685,54.5349, 674.2, 3434, -4.0, -6.8, -6.0, 81, 84, 3.42,222,16.6
2026-09-22 23:26:49, -6.2650,54.5371, 665.8, 3534, -4.2, -6.2, -5.5, 86, 89, 3.61,222,16.0
2026-09-22 23:27:09, -6.2617,54.5393, 657.1, 3637, -4.1, -5.8, -5.2, 88, 91, 3.77,220,17.1
2026-09-22 23:27:29, -6.2584,54.5418, 649.4, 3730, -4.8, -6.3, -5.6, 90, 94, 3.69,218,17.2
2026-09-22 23:27:49, -6.2553,54.5442, 641.1, 3831, -5.6, -6.8, -6.0, 91, 96, 3.59,218,16.7
2026-09-22 23:28:09, -6.2518,54.5466, 632.7, 3935, -6.2, -7.0, -6.3, 94,100, 3.56,218,18.3
2026-09-22 23:28:29, -6.2485,54.5494, 624.0, 4043, -7.0, -7.9, -7.1, 93, 99, 3.37,215,18.5
2026-09-22 23:28:49, -6.2453,54.5521, 615.5, 4150, -7.8, -8.7, -7.7, 93,101, 3.23,216,18.8
2026-09-22 23:29:09, -6.2416,54.5549, 606.4, 4266, -8.6, -9.2, -8.2, 95,104, 3.14,218,19.2
2026-09-22 23:29:29, -6.2379,54.5575, 597.1, 4386, -9.3,-10.0, -8.9, 94,103, 3.00,218,18.7
2026-09-22 23:29:49, -6.2344,54.5602, 588.5, 4497,-10.1,-10.8, -9.6, 95,104, 2.86,218,18.7
2026-09-22 23:30:09, -6.2310,54.5629, 579.7, 4614,-10.8,-11.4,-10.2, 96,106, 2.76,215,18.5
2026-09-22 23:30:29, -6.2277,54.5655, 571.6, 4721,-11.5,-11.9,-10.6, 97,108, 2.69,218,19.0
2026-09-22 23:30:49, -6.2241,54.5684, 564.0, 4825,-12.1,-12.6,-11.3, 96,108, 2.57,220,20.1
2026-09-22 23:31:09, -6.2195,54.5711, 556.7, 4924,-12.4,-13.3,-11.9, 93,105, 2.46,225,20.6
2026-09-22 23:31:29, -6.2150,54.5734, 547.8, 5046,-13.2,-14.3,-12.7, 92,104, 2.31,230,20.9
2026-09-22 23:31:49, -6.2094,54.5759, 540.1, 5154,-14.0,-15.3,-13.7, 90,103, 2.16,232,22.8
2026-09-22 23:32:09, -6.2039,54.5784, 532.3, 5265,-14.6,-15.9,-14.2, 90,104, 2.08,233,22.9
2026-09-22 23:32:29, -6.1982,54.5809, 525.0, 5370,-15.4,-16.8,-15.0, 90,104, 1.97,234,22.0
2026-09-22 23:32:49, -6.1930,54.5830, 517.5, 5478,-15.9,-17.4,-15.6, 89,103, 1.89,234,20.2
2026-09-22 23:33:09, -6.1882,54.5851, 509.9, 5589,-16.7,-17.8,-16.0, 91,107, 1.85,230,19.5
2026-09-22 23:33:29, -6.1838,54.5876, 502.5, 5699,-16.9,-18.2,-16.3, 90,106, 1.81,226,21.1
2026-09-22 23:33:47, -6.1791,54.5903, 495.6, 5802,-17.5,-19.7,-17.7, 83, 98, 1.61,224,24.6
2026-09-22 23:34:07, -6.1738,54.5939, 488.3, 5914,-18.3,-20.4,-18.3, 84,101, 1.55,222,26.7
2026-09-22 23:34:27, -6.1680,54.5973, 481.1, 6024,-19.2,-20.8,-18.7, 87,105, 1.51,223,27.6
2026-09-22 23:34:47, -6.1621,54.6012, 473.6, 6141,-20.2,-22.2,-20.0, 84,102, 1.36,221,28.4
2026-09-22 23:35:07, -6.1566,54.6049, 465.9, 6263,-20.9,-22.7,-20.4, 85,105, 1.33,221,27.5
2026-09-22 23:35:27, -6.1511,54.6086, 458.6, 6378,-21.6,-23.4,-21.1, 85,105, 1.26,221,27.0
2026-09-22 23:35:47, -6.1456,54.6123, 451.6, 6493,-22.4,-23.9,-21.6, 87,109, 1.23,220,27.5
2026-09-22 23:36:07, -6.1401,54.6162, 444.6, 6606,-23.4,-25.2,-22.8, 85,106, 1.11,221,28.1
2026-09-22 23:36:27, -6.1339,54.6199, 437.0, 6733,-24.2,-26.2,-23.6, 84,106, 1.04,225,28.8
2026-09-22 23:36:47, -6.1276,54.6236, 430.8, 6837,-25.0,-27.3,-24.6, 81,104, 0.95,226,29.4
2026-09-22 23:37:07, -6.1208,54.6272, 424.8, 6938,-25.8,-27.8,-25.1, 84,108, 0.92,227,30.0
2026-09-22 23:37:27, -6.1139,54.6310, 418.6, 7044,-26.6,-28.7,-25.9, 83,107, 0.86,226,30.5
2026-09-22 23:37:47, -6.1074,54.6349, 412.2, 7155,-27.2,-29.4,-26.6, 82,106, 0.82,225,30.1
2026-09-22 23:38:07, -6.1007,54.6386, 405.8, 7268,-28.1,-30.2,-27.3, 83,109, 0.77,226,29.7
2026-09-22 23:38:27, -6.0944,54.6423, 400.8, 7357,-28.8,-30.9,-28.0, 82,109, 0.73,223,29.7
2026-09-22 23:38:45, -6.0888,54.6460, 396.0, 7443,-29.1,-31.7,-28.7, 79,104, 0.68,222,30.8
2026-09-22 23:39:05, -6.0823,54.6503, 391.1, 7531,-29.7,-32.4,-29.4, 77,103, 0.64,220,31.9
2026-09-22 23:39:25, -6.0762,54.6548, 385.8, 7629,-30.1,-33.1,-30.1, 75,101, 0.61,219,32.2
2026-09-22 23:39:45, -6.0697,54.6593, 381.1, 7716,-30.7,-33.7,-30.6, 75,101, 0.58,221,32.4
2026-09-22 23:40:05, -6.0631,54.6636, 376.5, 7803,-31.3,-34.4,-31.2, 75,101, 0.55,221,32.8
2026-09-22 23:40:25, -6.0565,54.6682, 371.4, 7898,-31.9,-34.9,-31.7, 75,102, 0.53,220,33.0
2026-09-22 23:40:45, -6.0500,54.6728, 366.7, 7988,-32.5,-35.9,-32.6, 72, 99, 0.49,220,33.6
2026-09-22 23:41:05, -6.0432,54.6774, 362.1, 8078,-33.2,-36.9,-33.5, 70, 96, 0.45,220,33.5
2026-09-22 23:41:25, -6.0365,54.6819, 357.2, 8172,-34.0,-37.6,-34.2, 70, 97, 0.42,222,33.2
2026-09-22 23:41:45, -6.0293,54.6862, 352.9, 8259,-34.8,-39.5,-36.1, 62, 87, 0.35,224,33.3
2026-09-22 23:42:05, -6.0221,54.6905, 348.5, 8345,-35.5,-40.4,-36.9, 61, 86, 0.33,225,33.3
2026-09-22 23:42:25, -6.0146,54.6946, 344.5, 8426,-36.2,-42.2,-38.6, 54, 77, 0.27,228,32.8
2026-09-22 23:42:45, -6.0071,54.6983, 340.2, 8513,-37.2,-49.1,-45.1, 28, 40, 0.13,229,32.3
2026-09-22 23:43:05, -5.9994,54.7022, 336.6, 8586,-37.7,-49.5,-45.5, 29, 41, 0.13,229,32.8
2026-09-22 23:43:25, -5.9917,54.7060, 332.8, 8664,-38.3,-47.6,-43.7, 37, 54, 0.16,229,33.3
2026-09-22 23:43:45, -5.9838,54.7101, 328.7, 8749,-38.9,-45.6,-41.8, 49, 72, 0.20,229,34.7
2026-09-22 23:44:05, -5.9754,54.7142, 324.6, 8835,-39.5,-45.1,-41.3, 56, 82, 0.21,230,35.6
2026-09-22 23:44:25, -5.9670,54.7184, 320.3, 8927,-40.3,-45.2,-41.4, 60, 88, 0.21,229,36.1
2026-09-22 23:44:45, -5.9584,54.7227, 316.3, 9012,-40.9,-45.8,-42.0, 59, 89, 0.20,229,37.2
2026-09-22 23:45:05, -5.9497,54.7272, 311.8, 9108,-41.7,-46.8,-42.9, 58, 87, 0.18,229,37.6
2026-09-22 23:45:25, -5.9407,54.7316, 307.9, 9195,-42.5,-47.6,-43.7, 58, 87, 0.17,230,38.1
2026-09-22 23:45:45, -5.9316,54.7361, 304.3, 9274,-43.1,-48.6,-44.6, 55, 83, 0.15,229,38.7
2026-09-22 23:46:05, -5.9227,54.7408, 300.6, 9355,-43.6,-49.3,-45.3, 53, 82, 0.14,228,39.1
2026-09-22 23:46:25, -5.9138,54.7456, 297.2, 9432,-44.3,-50.2,-46.2, 52, 80, 0.13,226,39.0
2026-09-22 23:46:45, -5.9053,54.7505, 293.6, 9512,-44.9,-50.7,-46.7, 52, 81, 0.13,224,39.2
2026-09-22 23:47:05, -5.8968,54.7556, 289.8, 9600,-45.6,-50.9,-46.9, 55, 86, 0.12,224,39.7
2026-09-22 23:47:25, -5.8882,54.7609, 285.7, 9695,-46.4,-51.7,-47.6, 55, 87, 0.11,222,40.3
2026-09-22 23:47:45, -5.8800,54.7662, 281.0, 9805,-47.4,-52.1,-48.0, 58, 92, 0.11,221,39.4
2026-09-22 23:48:05, -5.8721,54.7715, 277.3, 9893,-48.2,-52.5,-48.4, 61, 98, 0.11,221,39.3
2026-09-22 23:48:25, -5.8641,54.7769, 273.5, 9983,-49.0,-53.6,-49.4, 59, 95, 0.10,220,40.0
2026-09-22 23:48:45, -5.8560,54.7825, 270.0,10069,-49.7,-54.1,-49.9, 60, 98, 0.09,220,40.6
2026-09-22 23:49:05, -5.8478,54.7881, 265.9,10167,-50.6,-53.9,-49.8, 68,111, 0.09,220,41.6
2026-09-22 23:49:25, -5.8392,54.7939, 262.4,10254,-51.3,-55.0,-50.7, 65,108, 0.09,221,42.7
2026-09-22 23:49:45, -5.8305,54.7998, 258.8,10343,-52.1,-55.6,-51.3, 66,110, 0.08,221,43.5
2026-09-22 23:50:05, -5.8216,54.8057, 255.3,10432,-52.9,-56.5,-52.2, 65,110, 0.07,221,44.1
2026-09-22 23:50:25, -5.8125,54.8117, 251.6,10526,-53.7,-57.1,-52.8, 66,112, 0.07,222,44.6
2026-09-22 23:50:43, -5.8041,54.8170, 248.4,10606,-54.3,-57.8,-53.5, 65,110, 0.06,223,44.0
2026-09-22 23:51:03, -5.7951,54.8227, 245.0,10696,-54.4,-57.9,-53.6, 65,111, 0.06,222,42.5
2026-09-22 23:51:23, -5.7866,54.8285, 241.8,10781,-53.8,-64.1,-59.6, 28, 47, 0.03,221,41.9
2026-09-22 23:51:43, -5.7779,54.8340, 238.3,10874,-54.3,-66.1,-61.6, 23, 38, 0.02,221,41.7
2026-09-22 23:52:03, -5.7698,54.8398, 235.0,10962,-54.5,-65.7,-61.2, 24, 41, 0.02,219,42.1
2026-09-22 23:52:23, -5.7616,54.8458, 231.9,11048,-55.2,-65.3,-60.8, 28, 48, 0.03,218,42.9
2026-09-22 23:52:43, -5.7534,54.8520, 228.9,11131,-55.6,-64.4,-59.9, 33, 57, 0.03,219,43.8
2026-09-22 23:53:03, -5.7444,54.8580, 226.0,11212,-54.5,-65.9,-61.4, 24, 40, 0.02,222,44.7
2026-09-22 23:53:23, -5.7346,54.8639, 223.0,11297,-54.9,-66.6,-62.1, 23, 39, 0.02,226,45.5
2026-09-22 23:53:43, -5.7240,54.8694, 220.3,11375,-54.4,-67.2,-62.6, 20, 33, 0.02,229,45.1
2026-09-22 23:54:03, -5.7135,54.8745, 217.5,11458,-54.7,-68.2,-63.7, 18, 30, 0.02,231,43.6
2026-09-22 23:54:23, -5.7030,54.8792, 214.7,11540,-54.6,-69.9,-65.3, 14, 24, 0.02,233,42.6
2026-09-22 23:54:43, -5.6922,54.8835, 211.9,11623,-54.0,-70.7,-66.1, 12, 20, 0.01,236,40.9
2026-09-22 23:55:03, -5.6824,54.8874, 208.8,11718,-52.8,-72.0,-67.3,  8, 14, 0.01,234,36.9
2026-09-22 23:55:23, -5.6739,54.8912, 205.7,11816,-52.6,-73.1,-68.5,  7, 12, 0.01,230,34.4
2026-09-22 23:55:43, -5.6662,54.8955, 202.7,11909,-52.9,-73.4,-68.7,  7, 12, 0.01,224,34.2
2026-09-22 23:56:03, -5.6593,54.9002, 199.7,12006,-52.9,-73.2,-68.5,  7, 12, 0.01,220,35.3
2026-09-22 23:56:23, -5.6521,54.9053, 197.0,12094,-53.0,-73.4,-68.7,  7, 12, 0.01,221,38.2
2026-09-22 23:56:43, -5.6433,54.9105, 194.4,12180,-51.9,-74.2,-69.5,  5,  9, 0.01,227,39.1
2026-09-22 23:57:03, -5.6346,54.9148, 191.9,12264,-49.8,-75.8,-71.1,  3,  6, 0.01,229,36.8
2026-09-22 23:57:23, -5.6260,54.9189, 189.5,12345,-49.8,-76.5,-71.8,  3,  5, 0.01,230,35.4
2026-09-22 23:57:43, -5.6177,54.9229, 187.1,12429,-49.0,-76.9,-72.2,  3,  4, 0.01,230,34.0
2026-09-22 23:58:03, -5.6098,54.9268, 184.7,12513,-49.6,-77.4,-72.6,  3,  4, 0.01,229,33.9
2026-09-22 23:58:23, -5.6016,54.9308, 182.4,12596,-50.3,-77.9,-73.2,  3,  4, 0.01,229,33.9
2026-09-22 23:58:43, -5.5940,54.9347, 179.9,12686,-50.4,-78.2,-73.5,  2,  4, 0.01,227,32.7
2026-09-22 23:59:03, -5.5867,54.9388, 177.2,12783,-51.1,-78.2,-73.5,  3,  5, 0.01,225,32.3
2026-09-22 23:59:23, -5.5797,54.9428, 175.0,12867,-51.2,-78.6,-73.9,  3,  4, 0.01,226,30.6
2026-09-22 23:59:43, -5.5729,54.9464, 172.6,12957,-51.0,-78.9,-74.2,  2,  4, 0.00,227,29.4
2026-09-23 00:00:03, -5.5664,54.9499, 170.2,13047,-51.5,-79.4,-74.7,  2,  4, 0.00,225,28.7
2026-09-23 00:00:23, -5.5603,54.9537, 167.9,13136,-52.1,-79.8,-75.0,  2,  4, 0.00,223,28.9
2026-09-23 00:00:43, -5.5542,54.9576, 165.6,13224,-52.9,-80.2,-75.4,  2,  4, 0.00,222,29.8
2026-09-23 00:01:03, -5.5479,54.9616, 163.4,13310,-53.5,-80.4,-75.7,  3,  4, 0.00,223,30.6
2026-09-23 00:01:23, -5.5411,54.9657, 161.2,13398,-54.1,-80.9,-76.1,  3,  4, 0.00,226,31.0
2026-09-23 00:01:43, -5.5338,54.9692, 159.0,13486,-53.5,-80.9,-76.2,  2,  4, 0.00,231,31.1
2026-09-23 00:02:03, -5.5260,54.9726, 156.8,13573,-53.9,-81.0,-76.3,  2,  4, 0.00,234,31.3
2026-09-23 00:02:23, -5.5180,54.9758, 154.7,13661,-54.5,-81.4,-76.6,  2,  4, 0.00,237,30.4
2026-09-23 00:02:43, -5.5102,54.9785, 152.6,13747,-54.2,-81.2,-76.5,  2,  4, 0.00,240,29.6
2026-09-23 00:03:03, -5.5018,54.9810, 150.5,13835,-54.7,-81.7,-77.0,  2,  4, 0.00,244,29.3
2026-09-23 00:03:23, -5.4939,54.9830, 148.5,13922,-53.9,-81.6,-76.8,  2,  4, 0.00,246,27.2
2026-09-23 00:03:43, -5.4864,54.9849, 146.5,14008,-54.5,-81.9,-77.2,  2,  4, 0.00,245,25.0
2026-09-23 00:04:03, -5.4802,54.9870, 144.2,14110,-54.2,-81.8,-77.0,  2,  4, 0.00,235,23.0
2026-09-23 00:04:23, -5.4748,54.9896, 142.0,14210,-54.5,-82.0,-77.2,  2,  4, 0.00,228,22.4
2026-09-23 00:04:43, -5.4697,54.9924, 140.0,14299,-55.1,-82.5,-77.7,  2,  4, 0.00,225,23.3
2026-09-23 00:05:03, -5.4645,54.9956, 138.0,14390,-55.8,-82.8,-78.1,  2,  4, 0.00,224,25.2
2026-09-23 00:05:23, -5.4588,54.9990, 136.1,14480,-56.4,-83.2,-78.5,  2,  4, 0.00,225,26.4
2026-09-23 00:05:43, -5.4529,55.0022, 134.2,14570,-56.3,-83.5,-78.7,  2,  4, 0.00,229,26.0
2026-09-23 00:06:03, -5.4464,55.0050, 132.3,14662,-56.1,-83.5,-78.7,  2,  4, 0.00,236,25.6
2026-09-23 00:06:23, -5.4398,55.0072, 130.3,14756,-55.5,-83.4,-78.6,  2,  3, 0.00,241,22.6
2026-09-23 00:06:43, -5.4341,55.0089, 128.4,14850,-54.4,-83.1,-78.3,  2,  3, 0.00,244,20.5
2026-09-23 00:07:03, -5.4287,55.0105, 126.5,14946,-54.3,-83.2,-78.4,  2,  3, 0.00,240,20.0
2026-09-23 00:07:23, -5.4233,55.0125, 124.7,15039,-54.8,-83.4,-78.6,  2,  3, 0.00,238,19.9
2026-09-23 00:07:43, -5.4184,55.0144, 122.9,15131,-54.4,-83.4,-78.6,  2,  3, 0.00,234,18.3
2026-09-23 00:08:03, -5.4141,55.0163, 121.1,15227,-54.5,-83.6,-78.9,  2,  3, 0.00,234,17.3
2026-09-23 00:08:23, -5.4096,55.0180, 119.3,15319,-55.3,-83.9,-79.1,  2,  3, 0.00,238,16.8
2026-09-23 00:08:43, -5.4054,55.0194, 117.6,15412,-55.6,-84.1,-79.4,  2,  3, 0.00,238,15.1
2026-09-23 00:09:03, -5.4018,55.0209, 115.9,15505,-55.7,-84.3,-79.6,  2,  3, 0.00,231,15.2
2026-09-23 00:09:23, -5.3980,55.0230, 114.2,15600,-56.0,-84.5,-79.7,  2,  3, 0.00,226,16.9
2026-09-23 00:09:43, -5.3942,55.0252, 112.6,15690,-55.4,-84.7,-79.9,  2,  3, 0.00,223,18.2
2026-09-23 00:10:03, -5.3903,55.0278, 111.0,15777,-55.3,-84.6,-79.8,  2,  3, 0.00,222,19.3
2026-09-23 00:10:23, -5.3861,55.0303, 109.5,15867,-56.1,-84.9,-80.1,  2,  3, 0.00,225,19.8
2026-09-23 00:10:43, -5.3814,55.0328, 107.9,15958,-56.8,-85.2,-80.4,  2,  3, 0.00,230,20.3
2026-09-23 00:11:03, -5.3762,55.0349, 106.4,16048,-56.7,-85.5,-80.7,  2,  3, 0.00,236,19.7
2026-09-23 00:11:23, -5.3715,55.0367, 104.9,16141,-55.4,-84.9,-80.1,  2,  3, 0.00,236,17.9
2026-09-23 00:11:43, -5.3670,55.0385, 103.3,16234,-55.7,-85.1,-80.3,  2,  3, 0.00,236,17.2
2026-09-23 00:12:03, -5.3627,55.0401, 101.8,16329,-55.9,-85.3,-80.6,  2,  3, 0.00,234,16.2
2026-09-23 00:12:23, -5.3590,55.0420, 100.3,16422,-55.5,-85.5,-80.7,  1,  2, 0.00,230,16.3
2026-09-23 00:12:43, -5.3547,55.0439,  98.9,16514,-55.4,-85.5,-80.8,  1,  2, 0.00,233,18.1
2026-09-23 00:13:03, -5.3500,55.0459,  97.4,16608,-55.9,-85.7,-81.0,  1,  2, 0.00,235,17.6
2026-09-23 00:13:23, -5.3457,55.0474,  96.0,16703,-55.9,-85.8,-81.1,  1,  2, 0.00,238,16.1
2026-09-23 00:13:43, -5.3416,55.0489,  94.6,16798,-56.3,-86.2,-81.4,  1,  2, 0.00,239,15.1
2026-09-23 00:14:03, -5.3376,55.0503,  93.2,16893,-56.3,-86.3,-81.6,  1,  2, 0.00,241,15.7
2026-09-23 00:14:23, -5.3331,55.0515,  91.8,16988,-55.5,-86.5,-81.7,  1,  2, 0.00,244,14.3
2026-09-23 00:14:43, -5.3298,55.0526,  90.4,17087,-54.7,-86.3,-81.5,  1,  2, 0.00,237,12.6
2026-09-23 00:15:03, -5.3264,55.0539,  89.0,17182,-54.6,-86.1,-81.4,  1,  2, 0.00,236,13.8
2026-09-23 00:15:23, -5.3225,55.0554,  87.8,17275,-55.1,-86.2,-81.4,  1,  2, 0.00,239,15.3
2026-09-23 00:15:43, -5.3180,55.0567,  86.5,17367,-55.3,-86.5,-81.8,  1,  2, 0.00,243,16.4
2026-09-23 00:16:03, -5.3136,55.0579,  85.3,17459,-55.2,-86.6,-81.8,  1,  2, 0.00,244,14.7
2026-09-23 00:16:23, -5.3099,55.0589,  84.0,17552,-55.5,-86.8,-82.0,  1,  2, 0.00,245,12.4
2026-09-23 00:16:43, -5.3067,55.0600,  82.7,17654,-55.2,-86.8,-82.1,  1,  2, 0.00,239,11.0
2026-09-23 00:17:03, -5.3041,55.0609,  81.4,17753,-54.7,-86.7,-81.9,  1,  2, 0.00,242,10.6
2026-09-23 00:17:23, -5.3008,55.0618,  80.2,17850,-55.0,-86.8,-82.0,  1,  2, 0.00,242,11.2
2026-09-23 00:17:43, -5.2977,55.0628,  79.0,17950,-54.7,-86.8,-82.0,  1,  2, 0.00,244,11.9
2026-09-23 00:18:03, -5.2942,55.0637,  77.8,18046,-54.2,-86.6,-81.9,  1,  2, 0.00,246,12.3
2026-09-23 00:18:23, -5.2907,55.0645,  76.6,18146,-54.4,-86.7,-81.9,  1,  2, 0.00,252,12.1
2026-09-23 00:18:43, -5.2872,55.0649,  75.4,18242,-54.1,-86.7,-81.9,  1,  2, 0.00,259,10.5
2026-09-23 00:19:03, -5.2843,55.0651,  74.3,18341,-53.9,-86.5,-81.8,  1,  2, 0.00,261, 8.7
2026-09-23 00:19:23, -5.2817,55.0655,  73.2,18437,-54.5,-86.7,-81.9,  1,  2, 0.00,254, 9.0
2026-09-23 00:19:43, -5.2789,55.0661,  72.1,18532,-54.8,-86.9,-82.1,  1,  2, 0.00,250,10.4
2026-09-23 00:20:03, -5.2757,55.0666,  71.0,18631,-54.7,-87.1,-82.3,  1,  2, 0.00,257,10.4
2026-09-23 00:20:23, -5.2726,55.0669,  69.9,18732,-53.8,-87.2,-82.5,  1,  1, 0.00,269, 9.5
2026-09-23 00:20:43, -5.2698,55.0666,  68.8,18833,-52.8,-86.7,-82.0,  1,  1, 0.00,279, 8.6
2026-09-23 00:21:03, -5.2675,55.0663,  67.7,18939,-52.5,-86.4,-81.7,  1,  1, 0.00,288, 6.4
2026-09-23 00:21:23, -5.2662,55.0662,  66.5,19054,-52.3,-86.3,-81.5,  1,  1, 0.00,282, 3.5
2026-09-23 00:21:43, -5.2658,55.0660,  65.3,19165,-53.2,-86.4,-81.6,  1,  2, 0.00,274, 1.4
2026-09-23 00:22:03, -5.2650,55.0661,  64.2,19275,-53.8,-86.5,-81.8,  1,  2, 0.00,245, 2.6
2026-09-23 00:22:23, -5.2645,55.0665,  63.2,19383,-54.0,-86.8,-82.1,  1,  2, 0.00,222, 3.0
2026-09-23 00:22:43, -5.2637,55.0669,  62.1,19491,-54.2,-87.1,-82.3,  1,  2, 0.00,230, 4.4
2026-09-23 00:23:03, -5.2621,55.0675,  61.1,19598,-53.4,-87.0,-82.2,  1,  1, 0.00,243, 6.1
2026-09-23 00:23:23, -5.2603,55.0680,  60.1,19702,-53.2,-86.9,-82.1,  1,  1, 0.00,241, 6.9
2026-09-23 00:23:43, -5.2585,55.0687,  59.1,19808,-53.5,-86.8,-82.0,  1,  2, 0.00,238, 7.0
2026-09-23 00:24:05, -5.2562,55.0692,  58.1,19923,-53.6,-86.7,-82.0,  1,  2, 0.00,244, 6.6
2026-09-23 00:24:25, -5.2547,55.0698,  57.1,20029,-54.2,-87.0,-82.2,  1,  2, 0.00,232, 5.5
2026-09-23 00:24:49, -5.2535,55.0705,  56.1,20140,-54.1,-87.3,-82.6,  1,  2, 0.00,227, 3.9
2026-09-23 00:25:11, -5.2523,55.0708,  55.1,20262,-54.0,-87.2,-82.4,  1,  2, 0.00,253, 4.3
2026-09-23 00:25:33, -5.2508,55.0710,  54.1,20374,-54.1,-87.1,-82.4,  1,  2, 0.00,263, 4.0
2026-09-23 00:25:57, -5.2498,55.0710,  53.1,20497,-54.4,-87.2,-82.4,  1,  2, 0.00,269, 2.2
2026-09-23 00:26:21, -5.2489,55.0710,  52.1,20619,-55.1,-87.3,-82.6,  1,  2, 0.00,270, 2.5
2026-09-23 00:26:45, -5.2481,55.0709,  51.1,20744,-55.0,-87.6,-82.9,  1,  2, 0.00,286, 2.0
2026-09-23 00:27:08, -5.2478,55.0709,  50.1,20864,-54.7,-87.5,-82.8,  1,  2, 0.00,237, 0.7
2026-09-23 00:27:33, -5.2477,55.0710,  49.1,20992,-54.4,-87.4,-82.6,  1,  2, 0.00,359, 0.1
2026-09-23 00:27:57, -5.2477,55.0707,  48.1,21128,-54.6,-87.4,-82.7,  1,  2, 0.00,351, 1.5
2026-09-23 00:28:23, -5.2476,55.0705,  47.1,21264,-55.0,-87.5,-82.8,  1,  2, 0.00,360, 0.4
2026-09-23 00:28:49, -5.2477,55.0706,  46.1,21403,-54.9,-87.8,-83.0,  1,  2, 0.00,181, 1.0
2026-09-23 00:29:15, -5.2474,55.0709,  45.1,21541,-54.4,-87.5,-82.8,  1,  2, 0.00,212, 1.1
2026-09-23 00:29:43, -5.2474,55.0713,  44.1,21686,-54.2,-87.5,-82.7,  1,  1, 0.00,208, 2.6
2026-09-23 00:30:13, -5.2460,55.0719,  43.1,21827,-54.0,-87.3,-82.6,  1,  1, 0.01,235, 3.9
2026-09-23 00:30:41, -5.2444,55.0722,  42.1,21982,-54.5,-87.6,-82.9,  1,  1, 0.00,272, 3.4
2026-09-23 00:31:11, -5.2433,55.0716,  41.1,22129,-53.5,-87.6,-82.8,  1,  1, 0.01,327, 3.5
2026-09-23 00:31:39, -5.2426,55.0709,  40.1,22291,-53.6,-87.4,-82.7,  1,  1, 0.01,322, 3.6
2026-09-23 00:32:11, -5.2408,55.0701,  39.1,22453,-53.6,-87.4,-82.6,  1,  1, 0.01,304, 4.5
2026-09-23 00:32:41, -5.2397,55.0695,  38.1,22625,-53.4,-87.5,-82.7,  1,  1, 0.01,333, 2.8
2026-09-23 00:33:13, -5.2393,55.0685,  37.1,22791,-52.6,-87.4,-82.7,  1,  1, 0.01,348, 4.2
2026-09-23 00:33:43, -5.2391,55.0673,  36.1,22970,-51.9,-87.2,-82.5,  1,  1, 0.01, 13, 5.0
2026-09-23 00:34:15, -5.2407,55.0663,  35.1,23152,-51.3,-86.8,-82.1,  1,  1, 0.01, 67, 4.2
2026-09-23 00:34:49, -5.2429,55.0660,  34.1,23336,-51.1,-86.6,-81.9,  1,  1, 0.01, 71, 3.8
2026-09-23 00:35:23, -5.2439,55.0657,  33.1,23526,-51.7,-86.8,-82.0,  1,  1, 0.01,101, 1.1
2026-09-23 00:36:01, -5.2437,55.0663,  32.1,23732,-52.3,-86.9,-82.2,  1,  1, 0.01,219, 1.4
2026-09-23 00:36:39, -5.2435,55.0663,  31.1,23935,-53.0,-87.2,-82.4,  1,  1, 0.01, 80, 0.8
2026-09-23 00:37:19, -5.2425,55.0661,  30.1,24138,-53.2,-87.7,-82.9,  1,  1, 0.01,291, 3.4
2026-09-23 00:37:57, -5.2404,55.0653,  29.1,24363,-51.6,-87.3,-82.6,  1,  1, 0.01,297, 5.4
2026-09-23 00:38:37, -5.2380,55.0643,  28.1,24588,-51.9,-87.0,-82.2,  1,  1, 0.01,319, 3.2
2026-09-23 00:39:17, -5.2384,55.0636,  27.1,24818,-52.4,-87.1,-82.4,  1,  1, 0.01, 47, 2.0
2026-09-23 00:39:59, -5.2384,55.0636,  26.1,25061,-52.7,-87.4,-82.6,  1,  1, 0.01,300, 1.6
2026-09-23 00:40:43, -5.2373,55.0617,  25.1,25315,-52.3,-87.5,-82.8,  1,  1, 0.01,351, 6.7
2026-09-23 00:41:29, -5.2376,55.0592,  24.1,25577,-51.7,-87.2,-82.5,  1,  1, 0.01, 19, 6.7
2026-09-23 00:42:15, -5.2407,55.0567,  23.1,25852,-51.5,-87.3,-82.5,  1,  1, 0.01, 42, 8.8
2026-09-23 00:43:05, -5.2459,55.0539,  22.1,26135,-51.1,-86.9,-82.2,  1,  1, 0.01, 51, 8.6
2026-09-23 00:43:55, -5.2512,55.0511,  21.1,26443,-50.6,-86.8,-82.1,  1,  1, 0.01, 48, 9.8
2026-09-23 00:44:52, -5.2568,55.0473,  20.1,26758,-50.2,-86.9,-82.2,  1,  1, 0.01, 27, 9.9
2026-09-23 00:45:49, -5.2604,55.0427,  19.1,27086,-50.6,-86.7,-82.0,  1,  1, 0.01, 28, 7.8
2026-09-23 00:46:53, -5.2622,55.0382,  18.1,27438,-50.9,-87.2,-82.4,  1,  1, 0.01, 14, 7.0
2026-09-23 00:48:01, -5.2679,55.0350,  17.1,27805,-49.7,-86.8,-82.1,  1,  1, 0.01, 45, 7.2
2026-09-23 00:49:11, -5.2713,55.0296,  16.1,28203,-49.9,-86.6,-81.8,  1,  1, 0.02, 26,11.1
2026-09-23 00:50:27, -5.2784,55.0224,  15.1,28619,-49.3,-86.7,-82.0,  1,  1, 0.02, 37,12.7
2026-09-23 00:50:57, -5.2819,55.0198,  14.7,28791,-49.0,-86.5,-81.8,  1,  1, 0.02, 39,11.5
